80
10140
20011
20137
20193
20214
20294
20313
20334
20397
20412
20420
20422
20512
20525
20551
20674
20676
20742
20746
20846
20866
20884
21027
21104
21178
21283
21321
21345
21352
21461
21467
21538
21562
21602
21656
21791
21852
21960
21980
21982
22001
22070
22090
22146
22150
22154
22318
22376
22483
22508
22595
22848
22979
23013
23023
23070
23110
23268
23391
23408
23480
23484
23617
23675
23760
23771
23801
23831
23915
23928
23940
23977
24034
24087
24127
24129
24154
24155
24198
24246
24254
24271
24473
24477
24489
24493
24643
24703
24800
24874
24955
24998
25032
25082
25222
25473
25479
25555
25591
25615
25629
25661
25718
25789
25790
25804
25932
25983
25986
26218
26388
26467
26468
26472
26491
26572
26618
26825
26864
26974
27263
27482
27515
27527
27567
27593
27679
27771
27790
27806
27807
28010
28031
28051
28227
28383
28390
28403
28427
28490
28491
28504
28518
28541
28705
28765
28820
28929
29009
29098
29115
29245
29260
29277
29329
29394
29569
29614
29627
29714
29909
30004
30216
30255
30339
30403
30411
30418
30439
30462
30463
30577
30611
30618
30679
30681
30813
30830
30856
30957
30981
31011
31132
31150
31238
31245
31313
31318
31333
31416
31589
31890
31983
32123
32169
32219
32230
32319
32357
32479
32750
32937
33067
33121
33208
33223
33397
33445
33473
33526
33606
33632
34011
34060
34062
34140
34200
34213
34261
34312
34328
34330
34381
34417
34454
34532
34543
34557
34842
34908
35068
35244
35389
35445
35461
35643
35654
35749
35821
35942
35997
36007
36290
36366
36445
36448
36517
36564
36670
36776
36830
36849
36890
36905
36981
37046
37125
37180
37242
37436
37610
37760
37786
37833
37963
37996
38108
38150
38168
38238
38246
38278
38326
38372
38501
38512
38540
38560
38630
38665
38689
38692
38739
38757
38766
38913
38962
39013
39171
39238
39289
39292
39316
39395
39422
39433
39580
39696
39714
39841
39909
39947
39960
40007
40077
40117
40135
40145
40147
40170
40228
40249
40281
40285
40298
40345
40350
40356
40362
40425
40478
40501
40575
40670
40712
40727
40741
40769
40776
40777
40801
40809
40810
40814
40816
40886
40934
40953
41000
41011
41063
41122
41165
41223
41256
41285
41303
41431
41543
41553
41788
41816
41966
42276
42328
42373
42651
42653
42670
42776
42814
42831
42842
42883
42908
43061
43294
43453
43537
43573
43757
43838
43844
43849
43863
43868
43889
43929
43941
44170
